Epoch	AverageEpRet	StdEpRet	MaxEpRet	MinEpRet	EpLen	AverageVVals	StdVVals	MaxVVals	MinVVals	TotalEnvInteracts	LossPi	LossV	DeltaLossPi	DeltaLossV	Entropy	KL	ClipFrac	StopIter	Time
0	-78.74679	19.295273	-45.62492	-133.23843	150.0	0.10925166	0.10032745	0.33894846	-0.124671504	10000	1.4156103e-07	21.482662	-0.013391696	-4.904525	0.9189386	0.0043826015	0.0684	79.0	16.54933261871338
1	-77.15445	17.964863	-30.674896	-119.4363	150.0	-0.46735346	0.4443071	1.1991087	-1.4303936	20000	3.7252903e-08	15.799923	-0.014504923	-7.042888	0.9179357	0.007909365	0.0744	79.0	33.44603180885315
2	-66.71254	16.119997	-42.56091	-108.46536	150.0	-1.8906312	1.2483287	3.0814188	-3.5082667	30000	-3.7252903e-08	5.802803	-0.0145674655	-2.5702226	0.91738445	0.0068682786	0.076299995	79.0	50.45078372955322
3	-60.382706	19.139673	-22.146687	-117.114136	150.0	-2.5915554	1.275939	3.3866947	-4.168188	40000	2.9802322e-08	3.662269	-0.014988769	-1.8773267	0.9172464	0.0044555934	0.078600004	79.0	71.68109965324402
4	-55.694157	16.818167	-28.69641	-93.621895	150.0	-2.8029363	0.50823104	-0.37968102	-4.147507	50000	0.0	1.7606978	-0.015010027	-0.26642647	0.9171705	0.008313078	0.077800006	79.0	95.94231605529785
5	-58.32454	19.449373	-27.770458	-125.40282	150.0	-2.9656222	0.33936876	-1.355275	-3.984012	60000	-7.450581e-09	1.9032946	-0.014452396	-0.16779259	0.9167586	0.008868735	0.084	79.0	117.10075616836548
6	-50.519394	14.925124	-12.593316	-92.8934	150.0	-3.0327945	0.35619208	-1.1289239	-4.010115	70000	9.313226e-09	1.3085175	-0.01342769	-0.25683373	0.9154158	0.0068850503	0.0608	79.0	143.98320841789246
7	-51.21386	18.292881	-18.889223	-104.354034	150.0	-2.5831978	0.33699432	-1.1637608	-3.599163	80000	0.0	1.7346479	-0.015458941	-0.1389685	0.91489685	0.006194299	0.0723	79.0	173.93174982070923
8	-56.11178	17.877573	-25.057077	-106.28694	150.0	-2.665773	0.24544749	-1.4430575	-3.6044884	90000	7.450581e-09	1.754248	-0.015468343	-0.1801601	0.91327745	0.0075803054	0.081599995	79.0	201.63581037521362
9	-51.240448	17.31663	-17.558792	-91.214775	150.0	-2.9733512	0.2653368	-1.8417515	-3.767614	100000	-7.450581e-09	1.6223735	-0.016644105	-0.11258972	0.9136443	0.007801871	0.0774	79.0	231.71789383888245
10	-53.645435	17.24188	-17.236212	-87.28163	150.0	-2.6692762	0.31466693	-0.86053145	-3.6242378	110000	1.21071935e-08	1.7414483	-0.015766583	-0.36241943	0.91404915	0.0059922226	0.0758	79.0	258.2539436817169
11	-51.855625	16.805645	-18.748623	-97.14659	150.0	-2.7074058	0.3463262	-0.61624	-3.7318134	120000	1.4901161e-08	1.5216696	-0.015120769	-0.09123033	0.9135184	0.0066544847	0.0686	79.0	288.44738125801086
12	-48.525566	16.348776	-22.314241	-97.2805	150.0	-2.702174	0.20304774	-1.8961325	-3.5480998	130000	7.450581e-09	1.3700551	-0.014652899	-0.05965188	0.9124843	0.006675071	0.0688	79.0	321.1845557689667
13	-49.55563	17.253962	-16.884077	-96.65385	150.0	-2.629879	0.2813289	-1.4726744	-3.5270703	140000	0.0	1.5018797	-0.016715579	-0.18355784	0.91260725	0.006151332	0.0849	79.0	354.2115807533264
14	-51.81771	19.69649	-18.572334	-97.47211	150.0	-2.6313288	0.26290882	-1.3940821	-3.2932024	150000	1.2572855e-08	1.5912395	-0.017372036	-0.06916946	0.91274256	0.0077879587	0.0788	79.0	383.9278025627136
15	-46.121033	16.89465	-4.104882	-83.80437	150.0	-2.7201371	0.3035532	-0.98704535	-3.4991336	160000	-3.9115548e-08	1.4412379	-0.017411184	-0.17706028	0.9123927	0.0053430423	0.083000004	79.0	415.33284401893616
16	-50.32331	14.101158	-18.907991	-82.99448	150.0	-2.4238977	0.24534743	-1.1431236	-3.2209513	170000	3.7252903e-09	1.3539711	-0.016835352	-0.15335886	0.91093254	0.0065775304	0.0841	79.0	443.9797172546387
17	-55.08084	16.365234	-20.206116	-94.14353	150.0	-2.651523	0.21194442	-1.5218879	-3.2892838	180000	-1.8626451e-09	1.4589733	-0.01697576	-0.13134459	0.91054845	0.007919066	0.0828	79.0	471.61772990226746
18	-49.330406	16.69229	-21.157412	-93.42374	150.0	-2.95807	0.17531934	-2.2178142	-3.541539	190000	-3.7252903e-09	1.4474975	-0.016548049	-0.13566709	0.9097377	0.0074659446	0.0837	79.0	503.03457403182983
19	-48.866295	18.27116	-16.804901	-88.02848	150.0	-2.6215522	0.17662092	-1.944325	-3.2088773	200000	2.2351742e-08	1.5233698	-0.015184883	-0.074127555	0.90915954	0.006879866	0.072500005	79.0	537.7138750553131
20	-50.381344	16.452106	-22.718807	-89.72931	150.0	-2.620512	0.26228425	-1.3630301	-3.2578483	210000	-8.381903e-09	1.4699937	-0.017923757	-0.08381134	0.90861595	0.0057129385	0.085	79.0	566.3606159687042
21	-49.67814	17.730888	-7.105287	-95.36507	150.0	-2.6601033	0.17620824	-1.5184314	-3.2501504	220000	-1.1175871e-08	1.6060319	-0.016795512	-0.053976953	0.90731835	0.00614773	0.0853	79.0	597.2724859714508
22	-49.84609	15.365544	-15.297967	-95.65458	150.0	-2.551335	0.22758332	-1.5657656	-3.225123	230000	-1.8626451e-08	1.3182347	-0.017568778	-0.07726118	0.9070655	0.0069893235	0.0864	79.0	627.7572858333588
23	-49.693565	16.767918	-10.961412	-87.29241	150.0	-2.6579268	0.15970334	-1.4903426	-3.142415	240000	1.4901161e-08	1.4226297	-0.018685715	-0.059474707	0.90694267	0.009296785	0.09379999	79.0	655.9188756942749
24	-46.751175	15.459704	-10.716777	-99.39032	150.0	-2.6555107	0.16939151	-1.7982837	-3.3332133	250000	7.450581e-09	1.2031415	-0.01721381	-0.06465539	0.9071258	0.007840096	0.0835	79.0	688.9960799217224
25	-45.214233	16.80547	-11.785113	-92.214226	150.0	-2.4802477	0.19199485	-1.5069215	-3.258726	260000	1.4901161e-08	1.3362472	-0.018326826	-0.13277803	0.90631366	0.006408518	0.0993	79.0	721.7211825847626
26	-51.62596	13.919513	-19.255848	-81.92414	150.0	-2.4117496	0.23611732	-1.5483534	-3.1421099	270000	-3.7252903e-08	1.2112519	-0.01922039	-0.16228291	0.904391	0.0077774385	0.0995	79.0	750.8792862892151
27	-45.784206	14.674102	-15.941456	-81.121346	150.0	-2.732223	0.14771612	-1.5656118	-3.2066352	280000	-3.3527613e-08	1.239922	-0.01958413	-0.14199807	0.9034061	0.010900445	0.1014	79.0	783.3388109207153
28	-49.808033	15.807249	-19.23202	-93.93875	150.0	-2.4094377	0.25864634	-1.31561	-3.1952698	290000	3.7252903e-09	1.3085396	-0.019259512	-0.12696984	0.90314394	0.00835748	0.1067	79.0	815.6478819847107
29	-48.84346	16.22132	-13.485699	-100.836235	150.0	-2.5908344	0.25652406	-1.4075859	-3.3615983	300000	1.1175871e-08	1.2252069	-0.019035477	-0.06926866	0.901501	0.0102618765	0.100700006	79.0	846.9374377727509
30	-50.30638	16.080633	-23.408459	-87.1907	150.0	-2.5953126	0.24869916	-1.548986	-3.330018	310000	-1.8626451e-09	1.3865978	-0.019745994	-0.14026919	0.9005746	0.0072648902	0.1032	79.0	878.0369684696198
31	-49.50277	15.50504	-18.346195	-88.973495	150.0	-2.6214275	0.20992741	-1.6211387	-3.2786753	320000	-7.450581e-09	1.2936935	-0.019965619	-0.11243719	0.90001065	0.006957417	0.0903	79.0	907.695520401001
32	-47.316784	14.613859	-18.968733	-86.00817	150.0	-2.661007	0.34865057	-1.2152097	-3.6399927	330000	-5.5879354e-09	1.2686929	-0.021022968	-0.17895366	0.8992412	0.0082205385	0.0999	79.0	939.3806350231171
33	-45.655647	17.038292	-5.6709027	-87.20732	150.0	-2.509469	0.1568501	-1.789024	-3.1337628	340000	-1.8626451e-08	1.5212332	-0.019187529	-0.06723547	0.8977444	0.008274678	0.0966	79.0	973.0915973186493
34	-52.05307	15.894551	-16.246338	-97.56126	150.0	-2.461824	0.20870434	-1.3470174	-3.2397275	350000	-7.450581e-09	1.4481295	-0.019612312	-0.1383099	0.89729434	0.0041334704	0.0967	79.0	1003.2379486560822
35	-44.28788	14.176218	-5.599573	-83.707184	150.0	-2.7435532	0.19843403	-1.9702207	-3.3962872	360000	3.7252903e-09	1.2017014	-0.019808605	-0.21956421	0.898305	0.0062481593	0.0998	79.0	1038.2114140987396
36	-50.290977	16.969242	-22.707003	-100.69443	150.0	-2.3487318	0.16493939	-1.1589077	-2.89973	370000	1.4901161e-08	1.4500959	-0.021986166	-0.18000996	0.8974457	0.010073779	0.114800006	79.0	1069.923540353775
37	-49.337727	18.725548	-17.776579	-107.92287	150.0	-2.6507714	0.2165198	-1.74123	-3.3101814	380000	0.0	1.605186	-0.02062288	-0.1269739	0.8969665	0.009246385	0.109799996	79.0	1104.0603458881378
38	-42.687656	13.044889	-17.478794	-70.72443	150.0	-2.478811	0.34522286	-1.0574794	-3.5734851	390000	-3.7252903e-09	0.92866814	-0.021689614	-0.12619285	0.8959009	0.008383211	0.1072	79.0	1140.1164755821228
39	-46.88239	14.000749	-12.5037	-84.58347	150.0	-2.3015566	0.3021549	-1.0143691	-3.148486	400000	7.450581e-09	1.1649354	-0.020380277	-0.17659558	0.8954787	0.008163087	0.092800006	79.0	1174.0927708148956
40	-45.723156	17.006279	-3.1283803	-88.00988	150.0	-2.4992719	0.27484652	-1.1862633	-3.4631016	410000	3.7252903e-09	1.498393	-0.021720354	-0.15463097	0.8961593	0.0093693845	0.1184	79.0	1208.7053761482239
41	-47.857887	17.120169	-18.92095	-92.59956	150.0	-2.411783	0.27411833	-0.9395377	-3.4013138	420000	3.7252903e-09	1.4081122	-0.019869937	-0.1923151	0.8946279	0.008332583	0.0998	79.0	1240.5122587680817
42	-51.60769	14.895254	-22.489988	-88.13868	150.0	-2.516008	0.28690147	-0.92927265	-3.5813098	430000	-1.4901161e-08	1.3858092	-0.020988077	-0.23660181	0.8944798	0.008608551	0.1157	79.0	1272.616171836853
43	-44.824905	14.171945	-20.642021	-94.444435	150.0	-2.6977465	0.2260623	-1.1136898	-3.618865	440000	-2.2351742e-08	1.1327858	-0.024787195	-0.30399826	0.89474064	0.012180439	0.1339	79.0	1307.1405215263367
44	-47.071358	17.420778	-18.55657	-91.30437	150.0	-2.396903	0.284079	-0.56445885	-3.5948594	450000	5.5879354e-09	1.4192578	-0.021381263	-0.12550937	0.8932134	0.010561707	0.1234	79.0	1340.8713853359222
45	-47.64061	16.47928	-18.67916	-86.19297	150.0	-2.487627	0.34653434	-0.992231	-3.5762677	460000	-4.656613e-09	1.4648777	-0.021718822	-0.17018093	0.8914994	0.010662721	0.12010001	79.0	1373.3756210803986
46	-50.102882	16.717716	-19.981699	-94.41254	150.0	-2.580102	0.29895154	-0.9557724	-3.7268372	470000	-1.1175871e-08	1.3286813	-0.02254562	-0.1975247	0.89039844	0.00815687	0.1269	79.0	1407.7212207317352
47	-48.541428	15.735047	-18.715212	-86.55722	150.0	-2.6134093	0.42226097	0.69551915	-4.0179234	480000	-7.450581e-09	1.284827	-0.024424117	-0.28994095	0.8899998	0.009248716	0.1252	79.0	1442.080423116684
48	-53.64468	17.199854	-8.606629	-85.34486	150.0	-2.6199927	0.51488703	-0.7725941	-4.1530128	490000	7.450581e-09	1.4140384	-0.024994213	-0.3487683	0.89058757	0.00870649	0.13800001	79.0	1482.4845967292786
49	-47.079765	17.560406	-6.7000613	-105.878	150.0	-2.7414763	0.57457274	0.45412505	-4.6849747	500000	-3.7252903e-09	1.3998635	-0.023194283	-0.37173694	0.88933533	0.009633886	0.1374	79.0	1523.2355816364288
